     0/299    0.782G   0.06996   0.03056   0.01825    0.1188         3       640    0.5113    0.5974    0.4833    0.1774   0.04671   0.01604  0.008461
     1/299    0.843G   0.05067   0.02095  0.007759   0.07937         2       640    0.8434    0.8058    0.8486    0.4399   0.03895   0.01336  0.004976
     2/299    0.843G   0.04569   0.01987  0.007207   0.07276        12       640    0.9099     0.784    0.8581    0.4871   0.03359   0.01299  0.005036
     3/299    0.843G    0.0405   0.01987  0.006617   0.06698         4       640    0.8923    0.8008    0.8618    0.5284   0.03169   0.01319  0.004193
     4/299    0.845G    0.0366   0.01898  0.005824    0.0614         5       640    0.8998    0.7984    0.8712    0.5383   0.03005   0.01259  0.004842
     5/299    0.845G   0.03476   0.01829  0.005454   0.05851        14       640    0.9258    0.8328    0.8886    0.5578    0.0287   0.01215  0.003895
     6/299    0.845G   0.03334   0.01825  0.005409   0.05701        13       640    0.9185    0.8326    0.8902    0.5626    0.0283   0.01193  0.003843
     7/299    0.845G   0.03239   0.01794  0.005134   0.05546         5       640    0.9131    0.8327    0.8821    0.5715   0.02748   0.01199   0.00444
     8/299    0.845G   0.03249   0.01795  0.004922   0.05537        10       640    0.9398    0.8348    0.9012    0.5829   0.02765   0.01165   0.00384
     9/299    0.845G   0.03162   0.01704  0.004716   0.05338         7       640    0.9306    0.8386    0.8973    0.5876   0.02703   0.01156  0.003674
    10/299    0.845G   0.03131   0.01699  0.004504    0.0528        14       640    0.9248    0.8459    0.8998    0.5868   0.02727   0.01176  0.003675
    11/299    0.845G   0.03071     0.017  0.004387   0.05209        13       640    0.9345    0.8524    0.9034    0.5895   0.02705   0.01155  0.003579
    12/299    0.845G   0.03073   0.01699   0.00439   0.05211         7       640    0.9357    0.8484    0.9057    0.5941   0.02658   0.01151  0.003545
    13/299    0.845G   0.03028   0.01664  0.004085   0.05101         4       640    0.9305    0.8568    0.9077    0.6041    0.0263   0.01137  0.003566
    14/299    0.845G   0.02981   0.01676  0.004078   0.05065        10       640    0.9433    0.8469    0.9062    0.5944    0.0261   0.01142  0.003685
    15/299    0.845G   0.02985   0.01666  0.004266   0.05078        10       640    0.9368    0.8608    0.9097    0.6113   0.02598   0.01135  0.003286
    16/299    0.845G   0.02963   0.01656  0.004094   0.05029        13       640     0.943    0.8555     0.907    0.6091     0.026    0.0113  0.003677
    17/299    0.845G   0.02934   0.01638   0.00423   0.04995        13       640    0.9238    0.8662    0.9128    0.6012    0.0259   0.01119  0.003363
    18/299    0.845G    0.0294   0.01635  0.003658    0.0494         6       640    0.9337    0.8681    0.9091    0.6044   0.02567   0.01117  0.003369
    19/299    0.845G   0.02919   0.01635  0.003785   0.04932         8       640    0.9438    0.8587    0.9127    0.6087   0.02566   0.01118  0.003438
    20/299    0.845G   0.02877   0.01629  0.003765   0.04883         9       640    0.9241    0.8655    0.9117    0.6034   0.02565   0.01127  0.003442
    21/299    0.845G   0.02893    0.0164  0.003661   0.04899        12       640    0.9299    0.8659    0.9096    0.6085   0.02565    0.0112  0.003645
    22/299    0.845G   0.02878    0.0163  0.003799   0.04888         8       640    0.9368    0.8647    0.9142    0.6116   0.02532   0.01107  0.003471
    23/299    0.845G   0.02876   0.01604  0.003832   0.04863         7       640    0.9264    0.8656    0.9077     0.608   0.02539   0.01116  0.003787
    24/299    0.845G   0.02847   0.01598  0.003518   0.04797         4       640     0.931    0.8637    0.9086    0.6193   0.02543   0.01108  0.003755
    25/299    0.845G   0.02819   0.01597  0.003379   0.04754        10       640    0.9491    0.8588    0.9131    0.6168   0.02528   0.01111  0.003827
    26/299    0.845G   0.02816   0.01576  0.003324   0.04724        10       640    0.9302    0.8678    0.9139    0.6166   0.02524   0.01101  0.003546
    27/299    0.845G   0.02805     0.016  0.003558   0.04761        25       640    0.9369     0.875    0.9177     0.621   0.02501   0.01102  0.003681
    28/299    0.845G   0.02792   0.01581  0.003337   0.04707         7       640     0.947    0.8607    0.9126     0.616   0.02506   0.01102  0.003793
    29/299    0.845G   0.02798   0.01613   0.00339    0.0475         5       640    0.9383    0.8637    0.9193    0.6193   0.02501   0.01099   0.00333
    30/299    0.845G   0.02784   0.01594  0.003086   0.04686         8       640    0.9328    0.8751    0.9159    0.6238   0.02486   0.01101   0.00347
    31/299    0.845G   0.02763    0.0158  0.003012   0.04644         7       640    0.9326     0.874    0.9188    0.6199    0.0248   0.01089  0.003624
    32/299    0.845G   0.02755   0.01567  0.003392   0.04661        12       640    0.9429     0.873     0.919     0.619   0.02482   0.01099  0.003643
    33/299    0.845G   0.02748   0.01566  0.003118   0.04626         6       640    0.9477    0.8583    0.9142    0.6241   0.02489    0.0109  0.003455
    34/299    0.845G   0.02788   0.01565  0.003131   0.04666        11       640    0.9369    0.8699      0.92    0.6237   0.02485   0.01094  0.003607
    35/299    0.845G   0.02748   0.01562  0.003389   0.04649         4       640    0.9468    0.8646    0.9189    0.6245   0.02454   0.01094  0.003712
    36/299    0.845G   0.02752   0.01571  0.003146   0.04638        19       640    0.9417    0.8688    0.9181    0.6217   0.02488   0.01097  0.003509
    37/299    0.845G   0.02719   0.01503  0.003155   0.04537         7       640    0.9309    0.8855    0.9179    0.6263   0.02474    0.0108  0.003328
    38/299    0.845G   0.02696   0.01538  0.003185   0.04552        16       640     0.945    0.8798    0.9221    0.6247   0.02457   0.01088   0.00314
    39/299    0.845G   0.02683   0.01531  0.002993   0.04514         8       640    0.9388    0.8753     0.921    0.6305   0.02452   0.01085   0.00331
    40/299    0.845G   0.02732   0.01527   0.00322   0.04581         7       640    0.9481    0.8717    0.9217    0.6286   0.02445   0.01083  0.003434
    41/299    0.845G   0.02707   0.01545  0.003115   0.04563        11       640    0.9414    0.8764     0.919     0.629   0.02443    0.0108  0.003668
    42/299    0.845G   0.02732   0.01566  0.003034   0.04601        21       640     0.952    0.8694    0.9198    0.6299   0.02432   0.01084  0.003526
    43/299    0.845G   0.02733   0.01552  0.003375   0.04622         2       640    0.9523    0.8643    0.9188    0.6286   0.02446   0.01092  0.003439
    44/299    0.845G   0.02691   0.01558  0.002675   0.04517         6       640    0.9506    0.8693    0.9197    0.6337   0.02421   0.01074  0.003394
    45/299    0.845G   0.02686   0.01533  0.002908   0.04509        15       640    0.9432    0.8689    0.9206    0.6324   0.02428   0.01082  0.003757
    46/299    0.845G   0.02688   0.01534  0.002736   0.04496        10       640    0.9548    0.8653    0.9217    0.6287   0.02429   0.01083  0.003749
    47/299    0.845G   0.02635   0.01518  0.002822   0.04435         5       640    0.9505    0.8628    0.9195    0.6306   0.02426   0.01086  0.003774
    48/299    0.845G   0.02673   0.01543  0.002841     0.045         7       640     0.939    0.8783    0.9227    0.6338   0.02412   0.01069  0.003549
    49/299    0.845G   0.02654   0.01521  0.002809   0.04456        11       640    0.9313    0.8837     0.921    0.6341   0.02408   0.01069  0.003752
    50/299    0.845G   0.02667   0.01521   0.00286   0.04474        11       640    0.9447    0.8728    0.9204    0.6343   0.02417    0.0108  0.003584
    51/299    0.845G   0.02644    0.0151  0.002533   0.04408         6       640    0.9316    0.8761    0.9228    0.6357   0.02414   0.01069  0.003517
    52/299    0.845G   0.02647   0.01508  0.002477   0.04404         5       640    0.9411    0.8768    0.9205    0.6353     0.024   0.01083  0.003745
    53/299    0.845G   0.02624   0.01487  0.002679   0.04378         8       640    0.9394    0.8774     0.919    0.6361   0.02428   0.01085  0.003773
    54/299    0.845G   0.02617   0.01496  0.002619   0.04375         5       640    0.9493      0.87    0.9192    0.6326   0.02413   0.01077  0.003636
    55/299    0.845G   0.02632   0.01504  0.002585   0.04395        17       640    0.9407    0.8758    0.9212    0.6368   0.02398   0.01069  0.003703
    56/299    0.845G   0.02613   0.01486  0.002523   0.04351         7       640    0.9584    0.8684    0.9205     0.634   0.02409   0.01062   0.00381
    57/299    0.845G   0.02626   0.01503  0.002629   0.04392        12       640    0.9415      0.88    0.9244    0.6363   0.02403   0.01062  0.003747
    58/299    0.845G   0.02622   0.01525  0.002465   0.04394        10       640    0.9575    0.8645    0.9231    0.6409   0.02376   0.01062  0.003965
    59/299    0.845G   0.02625   0.01486  0.002656   0.04377        10       640    0.9435    0.8761    0.9242    0.6397   0.02385   0.01065  0.003611
    60/299    0.845G   0.02586     0.015  0.002513   0.04338         8       640    0.9411    0.8843    0.9203    0.6373   0.02392   0.01071  0.003812
    61/299    0.845G    0.0259   0.01487  0.002344   0.04312        12       640    0.9544    0.8674     0.923    0.6424   0.02383   0.01054  0.003957
    62/299    0.845G   0.02595   0.01499  0.002343   0.04328         7       640    0.9358     0.887     0.923    0.6443   0.02386   0.01058  0.003685
    63/299    0.845G   0.02599   0.01481  0.002566   0.04337         8       640    0.9409    0.8808    0.9259    0.6398    0.0239   0.01061  0.003497
    64/299    0.845G   0.02575   0.01456  0.002355   0.04267         4       640    0.9397    0.8797    0.9223    0.6363   0.02393   0.01064  0.003654
    65/299    0.845G   0.02573   0.01523  0.002409   0.04337        17       640    0.9546     0.878     0.923    0.6425   0.02386   0.01068   0.00356
    66/299    0.845G   0.02567   0.01468  0.002616   0.04296         4       640     0.952    0.8773    0.9236    0.6401   0.02376   0.01057  0.003817
    67/299    0.845G   0.02578   0.01499   0.00226   0.04303        11       640    0.9567    0.8787    0.9252    0.6434   0.02376   0.01051  0.003644
    68/299    0.845G   0.02582   0.01483  0.002408   0.04305         8       640    0.9507    0.8811    0.9251    0.6424   0.02375   0.01056   0.00372
    69/299    0.845G     0.026   0.01482  0.002365   0.04318        26       640    0.9546    0.8772    0.9275    0.6429    0.0236   0.01055  0.003529
    70/299    0.845G    0.0256   0.01462  0.002391   0.04262         4       640    0.9472    0.8834    0.9267    0.6475   0.02361    0.0105  0.003386
    71/299    0.845G   0.02576    0.0147   0.00238   0.04284         7       640     0.951    0.8801    0.9271    0.6432   0.02367   0.01055  0.003419
    72/299    0.845G   0.02568   0.01468  0.002428   0.04279         9       640    0.9422    0.8862    0.9238    0.6378   0.02368   0.01063  0.003624
    73/299    0.845G   0.02529   0.01472  0.002365   0.04237         7       640    0.9433    0.8812    0.9249    0.6448   0.02356    0.0105  0.003493
    74/299    0.845G   0.02554   0.01495  0.002331   0.04283        15       640    0.9444    0.8829    0.9243    0.6434   0.02364   0.01059  0.003621
    75/299    0.845G   0.02528   0.01446   0.00223   0.04197         8       640    0.9455    0.8777    0.9247    0.6431   0.02362   0.01059  0.003694
    76/299    0.845G   0.02552   0.01437  0.002466   0.04235         7       640    0.9492    0.8836    0.9276    0.6441   0.02358   0.01051  0.003243
    77/299    0.845G   0.02548   0.01491  0.002516   0.04291        12       640    0.9494    0.8808    0.9241    0.6416   0.02359   0.01055  0.003394
    78/299    0.845G   0.02556   0.01487  0.002162   0.04259         5       640    0.9487    0.8844     0.925    0.6439   0.02359   0.01049  0.003659
    79/299    0.845G   0.02516   0.01423    0.0023   0.04169        31       640    0.9444    0.8839    0.9256    0.6454   0.02358   0.01039  0.003649
    80/299    0.845G   0.02506   0.01458  0.002263   0.04191         5       640    0.9509    0.8774    0.9269    0.6469   0.02351   0.01046  0.003643
    81/299    0.845G   0.02521   0.01476  0.002177   0.04215        22       640    0.9537    0.8785    0.9274    0.6478   0.02347   0.01043  0.003539
    82/299    0.845G   0.02515   0.01435  0.002233   0.04173        27       640    0.9525     0.883    0.9276    0.6468   0.02355   0.01046  0.003566
    83/299    0.845G   0.02524   0.01469  0.002113   0.04203        11       640    0.9524    0.8877    0.9283    0.6465   0.02355    0.0105  0.003514
    84/299    0.845G   0.02532   0.01431  0.002239   0.04186        12       640    0.9553    0.8863    0.9298    0.6454   0.02349    0.0105  0.003498
    85/299    0.845G   0.02514   0.01446  0.002301    0.0419        20       640    0.9516    0.8846    0.9281    0.6464   0.02346   0.01045  0.003785
    86/299    0.845G   0.02509   0.01439  0.002154   0.04163         4       640    0.9479    0.8828    0.9299    0.6481   0.02339   0.01046   0.00371
    87/299    0.845G   0.02501   0.01424  0.002162   0.04141        13       640    0.9449    0.8875    0.9286    0.6492   0.02336   0.01047  0.003827
    88/299    0.845G   0.02521   0.01463  0.002409   0.04225        13       640    0.9497    0.8803    0.9271    0.6463   0.02337   0.01049  0.003741
    89/299    0.845G   0.02504   0.01434  0.002241   0.04162        15       640    0.9501    0.8788    0.9266    0.6468   0.02334   0.01043  0.003713
    90/299    0.845G   0.02529   0.01458  0.002175   0.04204        13       640     0.956    0.8765    0.9265    0.6479   0.02336   0.01043  0.003717
    91/299    0.845G   0.02472   0.01453  0.002081   0.04133         8       640    0.9522    0.8844    0.9268    0.6467   0.02345   0.01044  0.003788
    92/299    0.845G   0.02492   0.01423   0.00207   0.04122        10       640     0.953    0.8843    0.9272    0.6454   0.02342   0.01045  0.003637
    93/299    0.845G   0.02471   0.01429   0.00221   0.04121         5       640    0.9543    0.8817    0.9286     0.647   0.02337   0.01047   0.00369
    94/299    0.845G   0.02491   0.01446  0.002175   0.04155         8       640    0.9499    0.8827    0.9294    0.6481   0.02331   0.01046  0.003626
    95/299    0.845G   0.02471   0.01401  0.001961   0.04068        10       640    0.9526    0.8783    0.9295    0.6494   0.02326   0.01046  0.003636
    96/299    0.845G   0.02465   0.01436  0.002118   0.04113        14       640    0.9544    0.8792    0.9285     0.648   0.02323   0.01048  0.003633
    97/299    0.845G   0.02503   0.01435  0.002049   0.04143         4       640    0.9453    0.8859    0.9264    0.6468   0.02331   0.01051  0.003576
    98/299    0.845G    0.0247   0.01448  0.001944   0.04113        13       640     0.949    0.8869    0.9264    0.6459   0.02334   0.01052  0.003633
    99/299    0.845G   0.02438   0.01414  0.001912   0.04043         5       640    0.9515     0.884     0.927    0.6458   0.02337   0.01052   0.00364
   100/299    0.845G   0.02437   0.01405  0.001978   0.04039         8       640    0.9551    0.8812    0.9271    0.6462   0.02334   0.01049  0.003665
   101/299    0.845G   0.02464   0.01419  0.002115   0.04095         4       640    0.9499    0.8811    0.9287    0.6488   0.02333   0.01047  0.003676
   102/299    0.845G   0.02445   0.01423  0.002062   0.04074        12       640    0.9427    0.8883    0.9272    0.6489   0.02327   0.01047  0.003622
   103/299    0.845G   0.02445   0.01418  0.001977   0.04061         7       640    0.9493    0.8833     0.927    0.6475   0.02329   0.01047  0.003647
   104/299    0.845G   0.02431   0.01418  0.002006   0.04049         8       640    0.9498    0.8811    0.9281    0.6467   0.02334   0.01051  0.003647
   105/299    0.845G   0.02436   0.01421  0.001962   0.04053         7       640    0.9414    0.8875    0.9269    0.6458   0.02334   0.01055   0.00375
   106/299    0.845G   0.02456   0.01411  0.002097   0.04076        18       640    0.9471    0.8795    0.9254    0.6456   0.02327   0.01055  0.003813
   107/299    0.845G   0.02456   0.01422   0.00222   0.04099        17       640    0.9605    0.8713    0.9268     0.647    0.0232    0.0105  0.003731
   108/299    0.845G   0.02467   0.01433  0.002043   0.04105        16       640    0.9505    0.8817    0.9277    0.6474    0.0232   0.01048  0.003679
   109/299    0.845G   0.02414   0.01413  0.001994   0.04026         8       640    0.9553    0.8771    0.9275     0.648    0.0232   0.01046  0.003673
   110/299    0.845G   0.02425   0.01424  0.002016   0.04051         5       640    0.9409    0.8883    0.9277    0.6476   0.02318   0.01042  0.003716
   111/299    0.845G   0.02428   0.01402  0.002106   0.04041         8       640    0.9415    0.8905    0.9286    0.6483    0.0232   0.01039  0.003711
   112/299    0.845G   0.02426   0.01403  0.001855   0.04015         5       640     0.954    0.8823    0.9288    0.6493   0.02323    0.0104  0.003706
   113/299    0.845G   0.02402   0.01398  0.001792   0.03979        11       640    0.9556    0.8816    0.9293    0.6479   0.02324   0.01041  0.003713
   114/299    0.845G   0.02421   0.01389  0.001805    0.0399         7       640    0.9459    0.8884    0.9291    0.6478   0.02323   0.01041  0.003722
   115/299    0.845G   0.02382   0.01395  0.001796   0.03957        56       640    0.9459    0.8895    0.9291    0.6475   0.02318   0.01041  0.003718
   116/299    0.845G   0.02338    0.0139   0.00168   0.03896         4       640    0.9504    0.8845    0.9285    0.6464   0.02319   0.01042  0.003707
   117/299    0.845G   0.02391   0.01391  0.001696   0.03952         9       640    0.9465      0.89    0.9277    0.6476   0.02319   0.01043    0.0037
   118/299    0.845G   0.02368   0.01358  0.001779   0.03904        14       640    0.9507      0.89    0.9282    0.6468   0.02318   0.01044  0.003648
   119/299    0.845G   0.02412   0.01406  0.001942   0.04012         8       640    0.9424    0.8955    0.9276    0.6477   0.02318   0.01045  0.003626
   120/299    0.845G   0.02401   0.01409  0.001767   0.03987        13       640    0.9451    0.8947    0.9282    0.6484   0.02317   0.01045  0.003602
   121/299    0.845G   0.02375   0.01367  0.001923   0.03934         5       640     0.945    0.8938    0.9279    0.6484   0.02321   0.01046  0.003592
   122/299    0.845G   0.02386   0.01383   0.00176   0.03945         9       640    0.9479    0.8904    0.9279    0.6486   0.02321   0.01045  0.003595
   123/299    0.845G   0.02357   0.01355  0.001612   0.03873        16       640    0.9554     0.886    0.9285    0.6486   0.02322   0.01045   0.00364
   124/299    0.845G   0.02357   0.01381  0.001707   0.03909        12       640    0.9514    0.8904    0.9291     0.649   0.02322   0.01045  0.003679
   125/299    0.845G   0.02331   0.01348  0.001732   0.03853         5       640    0.9506    0.8905    0.9276    0.6477   0.02322   0.01046  0.003722
   126/299    0.845G   0.02377   0.01396  0.001841   0.03957         7       640    0.9523    0.8884    0.9276    0.6484   0.02322   0.01047  0.003717
   127/299    0.845G    0.0238   0.01364  0.001951   0.03939         6       640     0.953    0.8901    0.9292     0.649   0.02321   0.01047  0.003699
   128/299    0.845G   0.02377   0.01374  0.001772   0.03928        11       640     0.952    0.8901    0.9295    0.6494   0.02319   0.01046  0.003698
   129/299    0.845G   0.02354   0.01358  0.001545   0.03866         4       640    0.9527    0.8906     0.929    0.6487   0.02318   0.01047  0.003725
   130/299    0.845G   0.02344   0.01375  0.001605    0.0388        11       640    0.9497    0.8915     0.929    0.6489   0.02316   0.01047  0.003771
   131/299    0.845G   0.02335   0.01367  0.001757   0.03878         6       640    0.9437    0.8968    0.9283    0.6486   0.02317   0.01047  0.003782
   132/299    0.845G    0.0233   0.01346  0.001629   0.03839         6       640    0.9415    0.8985    0.9283    0.6478   0.02317   0.01048  0.003769
   133/299    0.845G   0.02349   0.01355  0.001748   0.03879         8       640    0.9526    0.8905    0.9281    0.6478   0.02318   0.01048  0.003756
   134/299    0.845G    0.0231   0.01357  0.001691   0.03836        10       640     0.949    0.8928    0.9283    0.6482   0.02319   0.01049  0.003773
   135/299    0.845G   0.02319   0.01366  0.001758    0.0386        17       640    0.9508    0.8914    0.9283    0.6474   0.02318    0.0105  0.003793
   136/299    0.845G   0.02329    0.0135  0.001671   0.03847         4       640    0.9476    0.8938    0.9281    0.6473   0.02318   0.01051  0.003847
   137/299    0.845G   0.02325   0.01342  0.001546   0.03821        30       640    0.9443    0.8956    0.9282    0.6474    0.0232   0.01052  0.003897
   138/299    0.845G   0.02333   0.01362  0.001875   0.03883        15       640    0.9436    0.8956    0.9284    0.6473   0.02321   0.01052  0.003913
   139/299    0.845G   0.02326   0.01371  0.001596   0.03856         9       640    0.9437    0.8966    0.9289    0.6475   0.02321   0.01052  0.003895
   140/299    0.845G   0.02318   0.01355  0.001893   0.03862        27       640    0.9493    0.8917    0.9288    0.6475    0.0232   0.01051  0.003865
   141/299    0.845G   0.02307   0.01352  0.001672   0.03826         8       640    0.9505    0.8922    0.9291    0.6476   0.02319   0.01051  0.003863
   142/299    0.845G   0.02318   0.01336  0.001631   0.03817         3       640     0.949    0.8919    0.9285    0.6479   0.02318   0.01051  0.003867
   143/299    0.845G   0.02322   0.01369  0.001705   0.03861        19       640     0.947    0.8935    0.9287    0.6476   0.02318   0.01052  0.003852
   144/299    0.845G   0.02297   0.01374  0.001447   0.03815         8       640    0.9468    0.8942     0.929    0.6479   0.02317   0.01052  0.003859
   145/299    0.845G   0.02302   0.01324  0.001738   0.03799         5       640    0.9473    0.8927     0.929    0.6485   0.02317   0.01052  0.003868
   146/299    0.845G   0.02305   0.01337  0.001709   0.03813        15       640    0.9467    0.8934    0.9285    0.6484   0.02316   0.01052  0.003867
   147/299    0.845G   0.02273   0.01334  0.001682   0.03775         4       640    0.9486    0.8945    0.9281    0.6479   0.02316   0.01053  0.003857
   148/299    0.845G   0.02279   0.01332  0.001625   0.03773         5       640     0.948    0.8944    0.9282    0.6474   0.02316   0.01053  0.003845
   149/299    0.845G   0.02294   0.01343  0.001719   0.03808         9       640    0.9463    0.8952    0.9279    0.6482   0.02317   0.01053  0.003834
   150/299    0.845G    0.0226   0.01305  0.001512   0.03717        10       640    0.9492    0.8924    0.9278    0.6481   0.02316   0.01053  0.003834
   151/299    0.845G   0.02268   0.01344  0.001413   0.03754        10       640    0.9462    0.8959    0.9278    0.6484   0.02316   0.01053  0.003844
   152/299    0.845G   0.02244    0.0131  0.001519   0.03706         8       640    0.9464    0.8964    0.9276    0.6488   0.02316   0.01053  0.003853
   153/299    0.845G   0.02289   0.01342  0.001848   0.03816         6       640    0.9463     0.895    0.9275    0.6486   0.02315   0.01052  0.003857
   154/299    0.845G   0.02233   0.01306  0.001625   0.03702        12       640    0.9511     0.891    0.9282    0.6493   0.02314   0.01052  0.003864
   155/299    0.837G   0.02249   0.01307  0.001501   0.03706         3       640    0.9489    0.8922    0.9279    0.6496   0.02313   0.01051  0.003866
   156/299    0.847G   0.02254   0.01329  0.001476    0.0373         2       640    0.9491    0.8915    0.9267    0.6492   0.02314   0.01051  0.003857
   157/299    0.847G   0.02254    0.0132    0.0016   0.03733        12       640    0.9524     0.889    0.9271    0.6494   0.02314    0.0105  0.003847
   158/299    0.847G   0.02252   0.01324  0.001642   0.03741         4       640    0.9496    0.8909     0.927    0.6495   0.02314    0.0105  0.003847
   159/299    0.847G   0.02235   0.01313   0.00161   0.03709         5       640     0.954    0.8882    0.9275    0.6494   0.02314    0.0105  0.003851
   160/299    0.847G   0.02214   0.01297  0.001359   0.03647        14       640    0.9521    0.8891    0.9275    0.6492   0.02314    0.0105  0.003858
   161/299    0.847G   0.02203   0.01319  0.001573   0.03679        13       640    0.9521    0.8891    0.9273    0.6486   0.02314    0.0105  0.003865
   162/299    0.847G     0.022   0.01315  0.001464   0.03662         5       640     0.954    0.8881    0.9274    0.6491   0.02314    0.0105  0.003871
   163/299    0.847G   0.02243    0.0133  0.001472   0.03721        10       640    0.9528    0.8895    0.9274    0.6491   0.02313    0.0105   0.00387
   164/299    0.847G    0.0222   0.01284  0.001441   0.03648         7       640    0.9529    0.8905    0.9273    0.6486   0.02313   0.01051   0.00387
   165/299    0.847G   0.02228     0.013  0.001671   0.03695        14       640    0.9538    0.8897    0.9269    0.6489   0.02313    0.0105  0.003864
   166/299    0.847G   0.02209   0.01302  0.001481    0.0366        13       640    0.9534    0.8896    0.9268    0.6489   0.02313    0.0105  0.003854
   167/299    0.847G   0.02208   0.01308  0.001425   0.03658         7       640    0.9536    0.8893    0.9268    0.6487   0.02313   0.01051  0.003851
   168/299    0.847G   0.02208   0.01286  0.001287   0.03623         4       640    0.9534    0.8885    0.9269    0.6487   0.02313   0.01051  0.003849
   169/299    0.849G   0.02194   0.01303  0.001388   0.03635        10       640    0.9553    0.8872    0.9268    0.6487   0.02313   0.01051  0.003848
   170/299    0.849G   0.02202   0.01296  0.001424    0.0364        10       640    0.9549     0.887    0.9269    0.6495   0.02314   0.01051  0.003847
   171/299    0.849G   0.02202     0.013  0.001433   0.03646        13       640    0.9551    0.8866    0.9272    0.6496   0.02314   0.01051  0.003854
   172/299    0.849G   0.02192   0.01285  0.001664   0.03644        13       640    0.9553     0.887    0.9275    0.6491   0.02314   0.01052  0.003851
   173/299    0.849G    0.0218   0.01281   0.00117   0.03578         6       640    0.9551    0.8868    0.9275     0.649   0.02314   0.01052  0.003848
   174/299    0.849G   0.02182    0.0129  0.001544   0.03626         8       640    0.9546    0.8871    0.9276    0.6492   0.02315   0.01052  0.003849
   175/299    0.849G   0.02164   0.01288  0.001425   0.03595         9       640    0.9548    0.8868    0.9283    0.6493   0.02315   0.01052  0.003856
   176/299    0.849G   0.02155   0.01288  0.001359   0.03579        12       640     0.955     0.887    0.9283    0.6493   0.02315   0.01052  0.003856
   177/299    0.849G   0.02142   0.01275  0.001295   0.03547         8       640      0.95    0.8912    0.9282    0.6493   0.02315   0.01052  0.003858
   178/299    0.849G   0.02159   0.01252  0.001481    0.0356         7       640    0.9502    0.8912    0.9275    0.6493   0.02315   0.01052  0.003858
   179/299    0.849G   0.02134   0.01249  0.001244   0.03507         4       640    0.9509    0.8912    0.9284    0.6499   0.02315   0.01052  0.003858
   180/299    0.849G   0.02135   0.01257  0.001234   0.03516        10       640    0.9511    0.8916    0.9281    0.6499   0.02316   0.01052  0.003862
   181/299    0.849G   0.02137    0.0125  0.001329   0.03521        10       640    0.9517    0.8906    0.9281    0.6496   0.02316   0.01053   0.00387
   182/299    0.849G   0.02141   0.01269  0.001406    0.0355        25       640    0.9493    0.8926    0.9282    0.6502   0.02316   0.01053  0.003877
   183/299    0.849G   0.02133   0.01263  0.001222   0.03518         7       640    0.9497    0.8922    0.9284    0.6502   0.02316   0.01053  0.003876
   184/299    0.849G   0.02156   0.01286  0.001388   0.03581         5       640    0.9492    0.8926     0.928    0.6501   0.02316   0.01053  0.003875
   185/299    0.849G   0.02131   0.01268  0.001297   0.03529         8       640    0.9496    0.8924    0.9282    0.6502   0.02316   0.01053  0.003874
   186/299    0.849G   0.02102   0.01263  0.001189   0.03483         7       640     0.949    0.8918    0.9282    0.6507   0.02317   0.01054  0.003874
   187/299    0.849G   0.02098   0.01242  0.001265   0.03467        12       640    0.9501     0.892    0.9282    0.6505   0.02317   0.01054  0.003876
   188/299    0.849G   0.02093   0.01246  0.001194   0.03459         6       640    0.9482    0.8935    0.9279    0.6498   0.02317   0.01054  0.003883
   189/299    0.849G   0.02115   0.01235  0.001263   0.03476        11       640    0.9505    0.8927    0.9278    0.6502   0.02317   0.01054  0.003887
   190/299    0.849G   0.02099   0.01245  0.001405   0.03484         4       640    0.9501    0.8929    0.9277    0.6503   0.02317   0.01054  0.003887
   191/299    0.849G   0.02088   0.01237  0.001178   0.03443        19       640    0.9502    0.8926    0.9276    0.6507   0.02317   0.01054  0.003887
   192/299    0.849G   0.02077   0.01195  0.001296   0.03402         7       640    0.9502    0.8924    0.9279    0.6502   0.02318   0.01055  0.003888
   193/299    0.849G   0.02071    0.0123  0.001264   0.03428        16       640      0.95    0.8924    0.9279    0.6505   0.02318   0.01055  0.003887
   194/299    0.849G   0.02045   0.01211  0.001167   0.03372         8       640    0.9495    0.8928    0.9279    0.6505   0.02318   0.01055   0.00389
   195/299    0.849G   0.02089   0.01227   0.00131   0.03447         7       640    0.9492    0.8926    0.9272    0.6501   0.02318   0.01055  0.003892
   196/299    0.849G   0.02092   0.01232  0.001199   0.03444        11       640    0.9492    0.8926    0.9273    0.6501   0.02318   0.01055  0.003902
   197/299    0.849G   0.02086   0.01248  0.001173   0.03451        21       640    0.9493    0.8926    0.9271    0.6497   0.02318   0.01055  0.003906
   198/299    0.849G   0.02089   0.01237  0.001274   0.03454         2       640    0.9494    0.8926    0.9272    0.6499   0.02318   0.01055  0.003908
   199/299    0.849G   0.02064   0.01245  0.001169   0.03426         6       640    0.9501    0.8922     0.927    0.6503   0.02318   0.01055  0.003908
   200/299    0.849G   0.02068   0.01231  0.001283   0.03428        15       640    0.9498    0.8926    0.9272      0.65   0.02318   0.01056  0.003909
   201/299    0.849G   0.02064   0.01238  0.001121   0.03415        10       640    0.9501    0.8928    0.9271    0.6497   0.02318   0.01056  0.003911
   202/299    0.849G   0.02048   0.01231  0.001204   0.03399         5       640    0.9497     0.893    0.9272    0.6501   0.02318   0.01056  0.003915
   203/299    0.849G    0.0205   0.01226  0.001141    0.0339         7       640    0.9489    0.8935    0.9271    0.6495   0.02318   0.01056  0.003918
   204/299    0.849G   0.02044   0.01224  0.001249   0.03393        11       640    0.9504     0.893    0.9271    0.6494   0.02318   0.01056  0.003918
   205/299    0.849G   0.02052   0.01218  0.001174   0.03388        11       640    0.9493    0.8931    0.9268    0.6499   0.02318   0.01056  0.003918
   206/299    0.849G   0.02034   0.01218  0.001211   0.03373         6       640    0.9504     0.893     0.927    0.6499   0.02318   0.01057  0.003921
   207/299    0.849G   0.02045   0.01218  0.001088   0.03372         5       640    0.9499    0.8936    0.9272    0.6498   0.02318   0.01057  0.003925
   208/299    0.849G   0.02009   0.01186  0.001179   0.03313         8       640    0.9502     0.893    0.9272    0.6497   0.02318   0.01057  0.003926
   209/299    0.849G   0.02021   0.01197  0.001212   0.03339         5       640    0.9498    0.8934    0.9272    0.6493   0.02318   0.01058  0.003928
   210/299    0.849G    0.0203   0.01215  0.001268   0.03372        17       640    0.9498    0.8932    0.9269    0.6496   0.02318   0.01058  0.003927
   211/299    0.849G   0.02005   0.01189  0.001051   0.03299         7       640    0.9501    0.8932    0.9275    0.6491   0.02318   0.01058   0.00393
   212/299    0.849G   0.02021   0.01207  0.001126   0.03341        12       640    0.9499    0.8925     0.927    0.6491   0.02318   0.01058  0.003932
   213/299    0.849G   0.02021   0.01228  0.001177   0.03367        10       640    0.9496    0.8927     0.927    0.6493   0.02318   0.01058  0.003934
   214/299    0.849G    0.0202   0.01196  0.001105   0.03326        10       640    0.9494    0.8932    0.9271     0.649   0.02318   0.01058  0.003935
   215/299    0.849G   0.01991   0.01209  0.001094    0.0331         8       640    0.9508    0.8925    0.9269    0.6488   0.02318   0.01059  0.003939
   216/299    0.849G   0.01989    0.0119 0.0009428   0.03273        12       640    0.9515    0.8917    0.9271    0.6489   0.02319   0.01059  0.003946
   217/299    0.849G   0.01993   0.01204 0.0009985   0.03297         7       640    0.9511    0.8919    0.9274    0.6492   0.02319   0.01059  0.003947
   218/299    0.849G   0.01986   0.01188  0.001139   0.03289         8       640    0.9509    0.8925    0.9275    0.6491   0.02319   0.01059  0.003948
   219/299    0.849G   0.01967   0.01171  0.001099   0.03248         4       640    0.9502    0.8935    0.9273    0.6492   0.02319    0.0106  0.003952
   220/299    0.849G    0.0198    0.0123  0.001148   0.03325        17       640    0.9481    0.8946    0.9273    0.6488   0.02319    0.0106  0.003955
   221/299    0.849G   0.01983   0.01178  0.001063   0.03267         4       640    0.9486    0.8946    0.9271    0.6489   0.02319    0.0106  0.003959
   222/299    0.849G   0.01978   0.01198 0.0009359    0.0327        11       640    0.9484    0.8944     0.927    0.6488   0.02319   0.01061  0.003964
   223/299    0.849G   0.01981   0.01192  0.001091   0.03283         8       640    0.9484    0.8943    0.9268    0.6487    0.0232   0.01061  0.003968
   224/299    0.849G   0.01978   0.01183 0.0009293   0.03254        26       640    0.9485    0.8948    0.9273     0.649    0.0232   0.01061   0.00397
   225/299    0.849G   0.01948   0.01165  0.001127   0.03227         4       640     0.948    0.8946     0.927     0.649    0.0232   0.01061  0.003971
   226/299    0.849G   0.01977    0.0117  0.001041   0.03251         7       640    0.9479    0.8946    0.9267    0.6492    0.0232   0.01062  0.003974
   227/299    0.849G    0.0194   0.01164  0.001064    0.0321         9       640     0.948    0.8946    0.9269     0.649    0.0232   0.01062  0.003976
   228/299    0.849G   0.01936   0.01169  0.001006   0.03205         7       640    0.9478    0.8946    0.9268    0.6497    0.0232   0.01062  0.003978
   229/299    0.849G   0.01934   0.01185  0.001008    0.0322        15       640    0.9478    0.8946     0.927    0.6496    0.0232   0.01062   0.00398
   230/299    0.849G   0.01923   0.01152 0.0009919   0.03174         8       640    0.9479    0.8946     0.927    0.6494   0.02321   0.01063  0.003984
   231/299    0.849G   0.01936   0.01138 0.0009729   0.03171         7       640    0.9479    0.8948    0.9268    0.6492   0.02321   0.01063  0.003987
   232/299    0.849G   0.01929   0.01175  0.001165   0.03221        12       640    0.9479    0.8949    0.9269    0.6494   0.02321   0.01063  0.003992
   233/299    0.849G   0.01945   0.01187 0.0009665   0.03228         5       640     0.948    0.8946    0.9269    0.6495   0.02321   0.01063  0.003995
   234/299    0.849G   0.01909    0.0114  0.001065   0.03156        31       640    0.9472    0.8953    0.9268    0.6491   0.02322   0.01063  0.003995
   235/299    0.849G   0.01907   0.01161 0.0009828   0.03166         5       640    0.9474    0.8954    0.9268    0.6489   0.02322   0.01064  0.003999
   236/299    0.849G   0.01917   0.01172 0.0009494   0.03183        22       640    0.9477    0.8954    0.9272     0.649   0.02322   0.01064  0.004006
   237/299    0.849G   0.01908   0.01139 0.0009096   0.03137        27       640    0.9458    0.8964    0.9271    0.6488   0.02322   0.01064  0.004012
   238/299    0.849G   0.01917   0.01176  0.001031   0.03196        11       640    0.9456    0.8963     0.927    0.6486   0.02323   0.01064  0.004012
   239/299    0.849G   0.01914   0.01135     0.001   0.03148        12       640    0.9458     0.896    0.9272    0.6485   0.02323   0.01065  0.004014
   240/299    0.849G    0.0191   0.01152  0.001028   0.03165        20       640    0.9456    0.8961    0.9273    0.6484   0.02323   0.01065  0.004018
   241/299    0.849G   0.01893   0.01136 0.0008813   0.03118         4       640    0.9464    0.8956    0.9273    0.6484   0.02323   0.01065   0.00402
   242/299    0.849G   0.01879   0.01114   0.00092   0.03085        13       640    0.9466    0.8955    0.9273    0.6484   0.02323   0.01065  0.004023
   243/299    0.849G   0.01882   0.01139 0.0009901    0.0312        13       640    0.9456    0.8963    0.9272    0.6485   0.02323   0.01066  0.004028
   244/299    0.849G    0.0188   0.01132 0.0009418   0.03106        15       640    0.9456    0.8963    0.9271    0.6482   0.02323   0.01066  0.004033
   245/299    0.849G   0.01901   0.01152 0.0009925   0.03152        13       640    0.9458     0.896     0.927    0.6486   0.02323   0.01066  0.004037
   246/299    0.849G   0.01872   0.01151 0.0009638    0.0312         8       640     0.946    0.8957    0.9271    0.6483   0.02323   0.01066  0.004041
   247/299    0.849G    0.0188   0.01122 0.0009558   0.03097        10       640     0.945    0.8965     0.927    0.6481   0.02323   0.01067  0.004045
   248/299    0.849G   0.01864   0.01126  0.001016   0.03091         5       640    0.9454    0.8961     0.927    0.6481   0.02324   0.01067  0.004045
   249/299    0.849G   0.01882   0.01137 0.0009917   0.03118         8       640    0.9454    0.8961     0.927    0.6481   0.02324   0.01067  0.004049
   250/299    0.849G   0.01862   0.01105 0.0008132   0.03049        10       640    0.9454    0.8963    0.9271    0.6478   0.02324   0.01067  0.004054
   251/299    0.849G   0.01858    0.0114 0.0009633   0.03094        14       640    0.9496    0.8929    0.9272    0.6479   0.02324   0.01068  0.004058
   252/299    0.849G   0.01877   0.01129 0.0008834   0.03094         4       640    0.9459    0.8962    0.9272    0.6478   0.02324   0.01068   0.00406
   253/299    0.849G   0.01866    0.0114 0.0008283   0.03089        13       640    0.9494    0.8932    0.9273    0.6478   0.02324   0.01068  0.004063
   254/299    0.849G   0.01836   0.01114 0.0008764   0.03037         5       640      0.95    0.8928    0.9274    0.6474   0.02325   0.01068  0.004066
   255/299    0.849G   0.01838   0.01112   0.00091    0.0304         8       640    0.9506    0.8926    0.9273    0.6473   0.02325   0.01069  0.004068
   256/299    0.849G   0.01843   0.01111 0.0008464   0.03039         4       640    0.9505    0.8925    0.9271     0.647   0.02325   0.01069  0.004068
   257/299    0.849G   0.01835   0.01118 0.0009353   0.03047        12       640    0.9509    0.8924    0.9271     0.647   0.02325   0.01069  0.004069
   258/299    0.849G   0.01844    0.0112 0.0009605    0.0306         7       640    0.9528    0.8908     0.927    0.6473   0.02325    0.0107  0.004071
   259/299    0.849G   0.01829   0.01128 0.0008062   0.03037         8       640    0.9505    0.8925    0.9267    0.6471   0.02325    0.0107  0.004073
   260/299    0.849G   0.01842   0.01123 0.0008758   0.03053         7       640     0.953    0.8904    0.9267    0.6468   0.02326    0.0107  0.004075
   261/299    0.849G   0.01847    0.0111 0.0008804   0.03045        18       640     0.953    0.8904    0.9267     0.647   0.02326    0.0107  0.004076
   262/299    0.849G   0.01824   0.01102  0.000923   0.03017        17       640     0.953    0.8904    0.9268    0.6467   0.02326   0.01071  0.004078
   263/299    0.849G   0.01846    0.0112 0.0008931   0.03055        16       640    0.9528    0.8904    0.9269    0.6464   0.02326   0.01071  0.004083
   264/299    0.849G   0.01809   0.01111 0.0009607   0.03016         8       640    0.9529    0.8908    0.9265    0.6466   0.02326   0.01071  0.004085
   265/299    0.849G   0.01807   0.01118 0.0009366   0.03019         5       640    0.9528    0.8906    0.9265    0.6463   0.02326   0.01072   0.00409
   266/299    0.849G   0.01811   0.01103 0.0009326   0.03007         8       640    0.9528    0.8906    0.9263    0.6463   0.02327   0.01072  0.004093
   267/299    0.849G   0.01832   0.01115 0.0009445   0.03041         5       640    0.9527     0.891    0.9262    0.6466   0.02327   0.01072  0.004097
   268/299    0.849G   0.01798   0.01103 0.0008247   0.02984        11       640    0.9525     0.891    0.9262    0.6466   0.02327   0.01073  0.004103
   269/299    0.849G    0.0183   0.01106 0.0009283   0.03029         7       640    0.9525    0.8909    0.9263    0.6464   0.02327   0.01073  0.004107
   270/299    0.849G   0.01798   0.01104 0.0009429   0.02997        56       640    0.9528    0.8907    0.9264    0.6468   0.02327   0.01073  0.004112
   271/299    0.849G   0.01768   0.01096 0.0007597    0.0294         4       640    0.9528    0.8907    0.9263    0.6468   0.02327   0.01074  0.004118
   272/299    0.849G   0.01793   0.01098 0.0008232   0.02973         9       640    0.9563    0.8877    0.9263    0.6466   0.02327   0.01074  0.004122
   273/299    0.849G   0.01775   0.01069 0.0007921   0.02923        14       640    0.9561    0.8878    0.9265    0.6469   0.02327   0.01074  0.004126
   274/299    0.849G    0.0181   0.01103 0.0007673    0.0299         8       640    0.9563    0.8878    0.9267    0.6468   0.02328   0.01075   0.00413
   275/299    0.849G   0.01813    0.0111 0.0008253   0.03006        13       640    0.9549    0.8891    0.9268    0.6468   0.02328   0.01075  0.004135
   276/299    0.849G   0.01814   0.01093 0.0009357   0.03001         5       640    0.9553    0.8893    0.9267     0.647   0.02328   0.01075  0.004137
   277/299    0.849G   0.01806   0.01099 0.0008161   0.02987         9       640    0.9554    0.8891    0.9267    0.6467   0.02329   0.01076  0.004139
   278/299    0.849G   0.01785    0.0108  0.000825   0.02947        16       640    0.9562    0.8891    0.9267    0.6468   0.02329   0.01076  0.004139
   279/299    0.849G   0.01794   0.01096 0.0008307   0.02973        12       640     0.957    0.8887    0.9266     0.647   0.02329   0.01076  0.004142
   280/299    0.849G   0.01763   0.01076 0.0008749   0.02926         5       640    0.9572    0.8887    0.9267    0.6472   0.02329   0.01076  0.004142
   281/299    0.849G   0.01783   0.01102 0.0008501    0.0297         7       640    0.9567    0.8893    0.9266    0.6461    0.0233   0.01077  0.004144
   282/299    0.849G   0.01781   0.01069 0.0009269   0.02943         6       640    0.9567    0.8892    0.9267    0.6461    0.0233   0.01077  0.004147
   283/299    0.849G   0.01778   0.01084 0.0008846   0.02951        11       640    0.9565    0.8892    0.9265    0.6461    0.0233   0.01077  0.004149
   284/299    0.849G   0.01772   0.01081 0.0008113   0.02934         4       640    0.9571    0.8887    0.9251    0.6461    0.0233   0.01077   0.00415
   285/299    0.849G   0.01776   0.01093 0.0008397   0.02953        11       640    0.9568     0.889     0.925    0.6462    0.0233   0.01078  0.004152
   286/299    0.849G   0.01764   0.01081  0.000881   0.02933         6       640    0.9568    0.8889    0.9249    0.6462    0.0233   0.01078  0.004153
   287/299    0.849G   0.01766   0.01062  0.000814   0.02909         6       640    0.9568    0.8888    0.9248    0.6462   0.02331   0.01079  0.004156
   288/299    0.849G   0.01771   0.01079 0.0009118   0.02941         8       640    0.9564    0.8891    0.9248    0.6463   0.02331   0.01079  0.004159
   289/299    0.849G   0.01756   0.01082 0.0008216   0.02921        10       640     0.957    0.8886    0.9263    0.6459   0.02331    0.0108  0.004162
   290/299    0.849G   0.01737   0.01073 0.0008394   0.02894        17       640    0.9584    0.8876    0.9263    0.6461   0.02332    0.0108  0.004164
   291/299    0.849G    0.0176   0.01062 0.0007714   0.02899         4       640    0.9578    0.8883    0.9263    0.6458   0.02332   0.01081  0.004169
   292/299    0.849G    0.0176   0.01068 0.0008215    0.0291        30       640     0.958    0.8882    0.9245    0.6457   0.02332   0.01081  0.004172
   293/299    0.849G   0.01762   0.01082 0.0009412   0.02938        15       640    0.9577    0.8883    0.9262    0.6453   0.02332   0.01082  0.004176
   294/299    0.849G   0.01758   0.01084 0.0008007   0.02921         9       640    0.9577    0.8884    0.9249    0.6456   0.02333   0.01082  0.004179
   295/299    0.849G   0.01742   0.01068 0.0008205   0.02892        27       640    0.9566    0.8893    0.9263     0.646   0.02333   0.01083  0.004183
   296/299    0.849G   0.01746   0.01068 0.0008644   0.02901         8       640     0.957    0.8888     0.926    0.6459   0.02333   0.01083  0.004187
   297/299    0.849G   0.01759   0.01057 0.0008024   0.02896         3       640    0.9576    0.8884    0.9261    0.6457   0.02334   0.01083  0.004191
   298/299    0.849G   0.01759   0.01087 0.0008217   0.02928        19       640    0.9576    0.8888    0.9261    0.6457   0.02334   0.01084  0.004194
   299/299    0.849G   0.01746   0.01098 0.0008055   0.02924         8       640    0.9577    0.8887     0.926    0.6457   0.02334   0.01084  0.004196
